#LIBRARY    ENDF/B-VIII.0
#REACTION   H-1(N,EL)H-1-L0,SIG
#NUCLEUS    H-1
#MF         3
#MT         2
#EN-MIN     1e-05
#EN-MAX     1.5e+07
#E,eV        Sig,b
1.000000000000000082e-05 1.159660000000000082e+03
1.103040000000000030e-05 1.104180000000000064e+03
1.216690000000000035e-05 1.051359999999999900e+03
1.342059999999999988e-05 1.001070000000000050e+03
1.480339999999999959e-05 9.531870000000000118e+02
1.632860000000000152e-05 9.075950000000000273e+02
1.801110000000000108e-05 8.641849999999999454e+02
1.986690000000000117e-05 8.228529999999999518e+02
2.191390000000000037e-05 7.835000000000000000e+02
2.417190000000000145e-05 7.460309999999999491e+02
2.666250000000000095e-05 7.103559999999999945e+02
2.940970000000000067e-05 6.763890000000000100e+02
3.244000000000000112e-05 6.440489999999999782e+02
3.578249999999999834e-05 6.132580000000000382e+02
3.946939999999999856e-05 5.839410000000000309e+02
4.353619999999999832e-05 5.560289999999999964e+02
4.802210000000000224e-05 5.294539999999999509e+02
5.297010000000000298e-05 5.041519999999999868e+02
5.842799999999999692e-05 4.800620000000000118e+02
6.444820000000000410e-05 4.571270000000000095e+02
7.108879999999999605e-05 4.352909999999999968e+02
7.841359999999999747e-05 4.145020000000000095e+02
8.649309999999999356e-05 3.947099999999999795e+02
9.540510000000000581e-05 3.758659999999999854e+02
1.052350000000000046e-04 3.579270000000000209e+02
1.160779999999999955e-04 3.408489999999999895e+02
1.280390000000000120e-04 3.245899999999999750e+02
1.412320000000000058e-04 3.091120000000000232e+02
1.557840000000000114e-04 2.943770000000000095e+02
1.718350000000000107e-04 2.803489999999999895e+02
1.895400000000000047e-04 2.669970000000000141e+02
2.090700000000000024e-04 2.542860000000000014e+02
2.306119999999999936e-04 2.421860000000000070e+02
2.543739999999999738e-04 2.306690000000000111e+02
2.805840000000000092e-04 2.197069999999999936e+02
3.094940000000000017e-04 2.092729999999999961e+02
3.413830000000000076e-04 1.993429999999999893e+02
3.765579999999999817e-04 1.898909999999999911e+02
4.153580000000000032e-04 1.808969999999999914e+02
4.581550000000000206e-04 1.723369999999999891e+02
5.053619999999999770e-04 1.641910000000000025e+02
5.574329999999999737e-04 1.564410000000000025e+02
6.148689999999999841e-04 1.490670000000000073e+02
6.782230000000000420e-04 1.420509999999999877e+02
7.481049999999999939e-04 1.353760000000000048e+02
8.251880000000000282e-04 1.290269999999999868e+02
9.102129999999999943e-04 1.229879999999999995e+02
1.003999999999999901e-03 1.172450000000000045e+02
1.107450000000000058e-03 1.117840000000000060e+02
1.221550000000000066e-03 1.065909999999999940e+02
1.347419999999999998e-03 1.016550000000000011e+02
1.486249999999999941e-03 9.696290000000000475e+01
1.639389999999999901e-03 9.250379999999999825e+01
1.808310000000000039e-03 8.826680000000000348e+01
2.008709999999999923e-03 8.396120000000000516e+01
2.231200000000000024e-03 7.988899999999999579e+01
2.478450000000000097e-03 7.603509999999999991e+01
2.752969999999999983e-03 7.239230000000000587e+01
3.058050000000000091e-03 6.894719999999999516e+01
3.396769999999999911e-03 6.569320000000000448e+01
3.773199999999999991e-03 6.261840000000000117e+01
4.191130000000000376e-03 5.971690000000000254e+01
4.655580000000000308e-03 5.697780000000000200e+01
5.171249999999999632e-03 5.439609999999999701e+01
5.744309999999999868e-03 5.196189999999999998e+01
6.380570000000000339e-03 4.967060000000000031e+01
7.087659999999999967e-03 4.751339999999999719e+01
7.872709999999999778e-03 4.548619999999999663e+01
8.745150000000000146e-03 4.358100000000000307e+01
9.713789999999999925e-03 4.179399999999999693e+01
1.086580000000000011e-02 4.001059999999999661e+01
1.215450000000000037e-02 3.834839999999999804e+01
1.359600000000000045e-02 3.680129999999999768e+01
1.520849999999999980e-02 3.536370000000000147e+01
1.701220000000000163e-02 3.403020000000000067e+01
1.916409999999999988e-02 3.272120000000000317e+01
2.158710000000000143e-02 3.151820000000000022e+01
2.431760000000000171e-02 3.041430000000000078e+01
2.524190000000000114e-02 3.008810000000000073e+01
2.529999999999999957e-02 3.006830000000000069e+01
2.869980000000000100e-02 2.903359999999999985e+01
3.255650000000000210e-02 2.809550000000000125e+01
3.719200000000000284e-02 2.720279999999999987e+01
4.248539999999999955e-02 2.640360000000000085e+01
4.887450000000000128e-02 2.565469999999999828e+01
5.662110000000000060e-02 2.496170000000000044e+01
6.605489999999999973e-02 2.432839999999999847e+01
7.760039999999999993e-02 2.375669999999999860e+01
9.245459999999999789e-02 2.322710000000000008e+01
1.117009999999999947e-01 2.274790000000000134e+01
1.368640000000000134e-01 2.232349999999999923e+01
1.712529999999999886e-01 2.194460000000000122e+01
2.203710000000000113e-01 2.160839999999999961e+01
2.936779999999999946e-01 2.131569999999999965e+01
4.110500000000000265e-01 2.106449999999999889e+01
6.127850000000000241e-01 2.085760000000000147e+01
1.007600000000000051e+00 2.069229999999999947e+01
1.960220000000000073e+00 2.056759999999999877e+01
5.337290000000000312e+00 2.048379999999999868e+01
4.334449999999999648e+01 2.043659999999999854e+01
1.037270000000000073e+04 1.914910000000000068e+01
1.971659999999999854e+04 1.813410000000000011e+01
3.022670000000000073e+04 1.712659999999999982e+01
3.835519999999999709e+04 1.643890000000000029e+01
4.765859999999999854e+04 1.572000000000000064e+01
5.776550000000000000e+04 1.501980000000000004e+01
6.731850000000000000e+04 1.442489999999999917e+01
8.170089999999999418e+04 1.362340000000000018e+01
9.733519999999999709e+04 1.286800000000000033e+01
1.100000000000000000e+05 1.232086999999999932e+01
1.200000000000000000e+05 1.193111000000000033e+01
1.300000000000000000e+05 1.157061000000000028e+01
1.400000000000000000e+05 1.123616999999999955e+01
1.500000000000000000e+05 1.092500000000000071e+01
1.600000000000000000e+05 1.063472999999999935e+01
1.700000000000000000e+05 1.036328999999999922e+01
1.800000000000000000e+05 1.010885999999999996e+01
1.900000000000000000e+05 9.869873000000000118e+00
2.000000000000000000e+05 9.644928999999999419e+00
2.200000000000000000e+05 9.232400999999999414e+00
2.400000000000000000e+05 8.863011000000000195e+00
2.600000000000000000e+05 8.530176000000000869e+00
2.800000000000000000e+05 8.228588999999999487e+00
3.000000000000000000e+05 7.953924999999999912e+00
3.200000000000000000e+05 7.702626999999999668e+00
3.400000000000000000e+05 7.471734999999999793e+00
3.600000000000000000e+05 7.258773999999999837e+00
3.800000000000000000e+05 7.061653999999999876e+00
4.000000000000000000e+05 6.878598000000000212e+00
4.200000000000000000e+05 6.708086999999999911e+00
4.400000000000000000e+05 6.548815000000000275e+00
4.600000000000000000e+05 6.399651000000000423e+00
4.800000000000000000e+05 6.259611999999999732e+00
5.000000000000000000e+05 6.127839999999999954e+00
5.500000000000000000e+05 5.829847000000000001e+00
6.000000000000000000e+05 5.569480999999999682e+00
6.500000000000000000e+05 5.339610999999999663e+00
7.000000000000000000e+05 5.134816999999999965e+00
7.500000000000000000e+05 4.950904000000000416e+00
8.000000000000000000e+05 4.784576000000000384e+00
8.500000000000000000e+05 4.633204000000000100e+00
9.000000000000000000e+05 4.494667999999999886e+00
9.500000000000000000e+05 4.367238000000000397e+00
1.000000000000000000e+06 4.249484999999999957e+00
1.100000000000000000e+06 4.038459999999999717e+00
1.200000000000000000e+06 3.854176999999999964e+00
1.300000000000000000e+06 3.691273999999999944e+00
1.400000000000000000e+06 3.545774999999999899e+00
1.500000000000000000e+06 3.414663000000000004e+00
1.600000000000000000e+06 3.295608999999999789e+00
1.700000000000000000e+06 3.186780999999999864e+00
1.800000000000000000e+06 3.086717000000000155e+00
1.900000000000000000e+06 2.994238000000000177e+00
2.000000000000000000e+06 2.908377000000000212e+00
2.200000000000000000e+06 2.753446999999999978e+00
2.400000000000000000e+06 2.616966000000000125e+00
2.600000000000000000e+06 2.495365000000000055e+00
2.800000000000000000e+06 2.385997999999999841e+00
3.000000000000000000e+06 2.286858000000000057e+00
3.200000000000000000e+06 2.196384000000000114e+00
3.400000000000000000e+06 2.113344000000000111e+00
3.600000000000000000e+06 2.036747999999999781e+00
3.800000000000000000e+06 1.965786000000000033e+00
4.000000000000000000e+06 1.899791999999999925e+00
4.200000000000000000e+06 1.838208000000000064e+00
4.400000000000000000e+06 1.780564999999999953e+00
4.600000000000000000e+06 1.726461000000000023e+00
4.800000000000000000e+06 1.675554999999999906e+00
5.000000000000000000e+06 1.627547000000000077e+00
5.200000000000000000e+06 1.582179999999999920e+00
5.400000000000000000e+06 1.539228000000000041e+00
5.600000000000000000e+06 1.498490000000000100e+00
5.800000000000000000e+06 1.459791000000000061e+00
6.000000000000000000e+06 1.422973000000000043e+00
6.200000000000000000e+06 1.387895000000000101e+00
6.400000000000000000e+06 1.354432000000000080e+00
6.600000000000000000e+06 1.322470999999999952e+00
6.800000000000000000e+06 1.291908000000000056e+00
7.000000000000000000e+06 1.262652000000000108e+00
7.500000000000000000e+06 1.194690999999999947e+00
8.000000000000000000e+06 1.133258000000000099e+00
8.500000000000000000e+06 1.077439999999999953e+00
9.000000000000000000e+06 1.026496000000000075e+00
9.500000000000000000e+06 9.798120000000000163e-01
1.000000000000000000e+07 9.368746999999999492e-01
1.050000000000000000e+07 8.972527000000000141e-01
1.100000000000000000e+07 8.605796000000000001e-01
1.150000000000000000e+07 8.265415000000000401e-01
1.200000000000000000e+07 7.948682000000000247e-01
1.250000000000000000e+07 7.653254999999999919e-01
1.300000000000000000e+07 7.377093000000000123e-01
1.350000000000000000e+07 7.118406000000000455e-01
1.400000000000000000e+07 6.875622999999999596e-01
1.450000000000000000e+07 6.647351999999999705e-01
1.500000000000000000e+07 6.432358999999999716e-01
#END
